../../.git/annex/objects/K4/4p/MD5E-s225623--86270997469bfa48038a3f53ac400f75.csv/MD5E-s225623--86270997469bfa48038a3f53ac400f75.csv